399.8 19071
399.803 19021
399.806 19276
399.809 19390
399.812 19498
399.815 19849
399.818 19816
399.821 20192
399.824 20495
399.827 20754
399.83 20769
399.833 21079
399.836 21366
399.839 21143
399.842 21342
399.845 21951
399.848 22070
399.851 22437
399.854 22568
399.857 22762
399.86 22965
399.863 23185
399.866 23569
399.869 23874
399.872 24133
399.875 24334
399.878 24647
399.881 25021
399.884 24791
399.887 25530
399.89 25542
399.893 25603
399.896 26174
399.899 27011
399.902 26920
399.905 27312
399.908 27841
399.911 27942
399.914 28755
399.917 29089
399.92 29147
399.923 29648
399.926 29910
399.929 30185
399.932 30184
399.935 30664
399.938 30900
399.941 31752
399.944 31997
399.947 32362
399.95 32609
399.953 33395
399.956 33461
399.959 33885
399.962 34245
399.965 34867
399.968 35358
399.971 35914
399.974 36089
399.977 36695
399.98 37690
399.983 38301
399.986 38951
399.989 38964
399.992 39743
399.995 40154
399.998 40537
400.001 41538
400.004 41693
400.007 42418
400.01 42917
400.013 44056
400.016 45014
400.019 45885
400.022 46196
400.025 47795
400.028 48356
400.031 49443
400.034 49674
400.037 50560
400.04 51370
400.043 52083
400.046 53016
400.049 53537
400.052 54855
400.055 56163
400.058 56614
400.061 57617
400.064 58311
400.067 58946
400.07 60358
400.073 61343
400.076 62303
400.079 63071
400.082 65236
400.085 65827
400.088 68038
400.091 69150
400.094 70643
400.097 72303
400.1 72797
400.103 74877
400.106 75929
400.109 77164
400.112 79076
400.115 79942
400.118 82201
400.121 85382
400.124 86946
400.127 89990
400.13 91741
400.133 93667
400.136 95800
400.139 98415
400.142 100119
400.145 102665
400.148 104884
400.151 107356
400.154 110816
400.157 113996
400.16 116374
400.163 120504
400.166 123514
400.169 126700
400.172 129643
400.175 133543
400.178 138079
400.181 140957
400.184 145130
400.187 149036
400.19 152819
400.193 155808
400.196 159741
400.199 165422
400.202 167716
400.205 172023
400.208 176848
400.211 183021
400.214 189870
400.217 198274
400.22 203586
400.223 210468
400.226 219470
400.229 227557
400.232 237762
400.235 251491
400.238 263166
400.241 277822
400.244 289591
400.247 301184
400.25 312727
400.253 324353
400.256 338892
400.259 350050
400.262 366002
400.265 381704
400.268 397711
400.271 411851
400.274 425452
400.277 445627
400.28 461417
400.283 483558
400.286 505408
400.289 535050
400.292 558958
400.295 578084
400.298 602760
400.301 630780
400.304 659515
400.307 692897
400.31 725746
400.313 751523
400.316 777069
400.319 798779
400.322 819026
400.325 840268
400.328 867018
400.331 887813
400.334 910991
400.337 923131
400.34 936298
400.343 947306
400.346 951326
400.349 950657
400.352 946476
400.355 939567
400.358 929102
400.361 911823
400.364 890922
400.367 866536
400.37 845776
400.373 818057
400.376 789010
400.379 761656
400.382 733953
400.385 704286
400.388 677770
400.391 650468
400.394 627204
400.397 597477
400.4 572956
400.403 546399
400.406 529315
400.409 511771
400.412 497449
400.415 482979
400.418 470026
400.421 456111
400.424 444030
400.427 435036
400.43 423651
400.433 413462
400.436 407345
400.439 393083
400.442 382488
400.445 374271
400.448 367274
400.451 362778
400.454 354657
400.457 353321
400.46 351217
400.463 350052
400.466 348897
400.469 349622
400.472 351832
400.475 352096
400.478 356346
400.481 360523
400.484 363669
400.487 370902
400.49 375542
400.493 382298
400.496 388038
400.499 396748
400.502 404025
400.505 410855
400.508 422281
400.511 435284
400.514 449766
400.517 463688
400.52 479273
400.523 501419
400.526 521773
400.529 539856
400.532 565342
400.535 587902
400.538 613067
400.541 640369
400.544 668139
400.547 696620
400.55 720117
400.553 742734
400.556 771945
400.559 797830
400.562 825212
400.565 856985
400.568 883594
400.571 899648
400.574 913099
400.577 921103
400.58 926680
400.583 925953
400.586 925670
400.589 918421
400.592 903421
400.595 884386
400.598 863264
400.601 836357
400.604 812862
400.607 788030
400.61 762213
400.613 734328
400.616 712726
400.619 678379
400.622 657816
400.625 628612
400.628 606636
400.631 586934
400.634 563638
400.637 544207
400.64 525641
400.643 503347
400.646 480506
400.649 457825
400.652 437798
400.655 421870
400.658 404304
400.661 389193
400.664 372886
400.667 359368
400.67 349499
400.673 335959
400.676 322036
400.679 310382
400.682 301805
400.685 296552
400.688 291051
400.691 285542
400.694 281627
400.697 277127
400.7 275463
400.703 272846
400.706 272430
400.709 269632
400.712 270637
400.715 270137
400.718 270826
400.721 271834
400.724 275115
400.727 275639
400.73 280325
400.733 283809
400.736 289688
400.739 295635
400.742 301390
400.745 308488
400.748 317554
400.751 326619
400.754 335056
400.757 346214
400.76 354972
400.763 366141
400.766 379266
400.769 390252
400.772 400002
400.775 411844
400.778 423443
400.781 435724
400.784 451607
400.787 467655
400.79 481594
400.793 492310
400.796 502585
400.799 509352
400.802 512286
400.805 512391
400.808 510352
400.811 505249
400.814 495796
400.817 487815
400.82 474721
400.823 460584
400.826 446746
400.829 428946
400.832 416683
400.835 400357
400.838 386684
400.841 369513
400.844 350437
400.847 334588
400.85 322089
400.853 310715
400.856 300343
400.859 289810
400.862 276048
400.865 265161
400.868 253802
400.871 241924
400.874 232764
400.877 222465
400.88 215080
400.883 207443
400.886 200762
400.889 194658
400.892 189549
400.895 182122
400.898 174257
400.901 169210
400.904 165630
400.907 161862
400.91 158994
400.913 156045
400.916 154940
400.919 153735
400.922 151617
400.925 150833
400.928 149824
400.931 149403
400.934 149251
400.937 149203
400.94 149314
400.943 150836
400.946 152403
400.949 153494
400.952 156091
400.955 157478
400.958 160303
400.961 164879
400.964 168746
400.967 173568
400.97 177558
400.973 182556
400.976 187041
400.979 191003
400.982 194296
400.985 200866
400.988 204667
400.991 208980
400.994 212807
400.997 216324
401.0 219775
401.003 222206
401.006 227463
401.009 229323
401.012 231468
401.015 233489
401.018 231486
401.021 231155
401.024 227346
401.027 221494
401.03 215789
401.033 207439
401.036 201617
401.039 193942
401.042 187180
401.045 180579
401.048 174218
401.051 167949
401.054 162809
401.057 159470
401.06 151315
401.063 145103
401.066 140585
401.069 137183
401.072 132642
401.075 129626
401.078 124515
401.081 118892
401.084 114299
401.087 109405
401.09 105750
401.093 101052
401.096 97782
401.099 94277
401.102 92702
401.105 89796
401.108 88486
401.111 86528
401.114 83801
401.117 81731
401.12 79434
401.123 77739
401.126 76522
401.129 75932
401.132 75396
401.135 74570
401.138 74363
401.141 74089
401.144 73717
401.147 73917
401.15 74574
401.153 74054
401.156 74310
401.159 75073
401.162 75267
401.165 75882
401.168 76970
401.171 78580
401.174 79156
401.177 81061
401.18 82005
401.183 82974
401.186 85725
401.189 87793
401.192 88870
401.195 90422
401.198 91812
401.201 93130
401.204 93899
401.207 96111
401.21 97053
401.213 97641
401.216 98092
401.219 98038
401.222 97733
401.225 96912
401.228 95751
401.231 95001
401.234 92734
401.237 89935
401.24 87370
401.243 85154
401.246 82967
401.249 79660
401.252 77809
401.255 75524
401.258 73127
401.261 71073
401.264 69322
401.267 67464
401.27 65330
401.273 63764
401.276 62238
401.279 60952
401.282 59561
401.285 57903
401.288 55638
401.291 54265
401.294 52203
401.297 50552
401.3 49469
401.303 47857
401.306 47312
401.309 45767
401.312 44826
401.315 43912
401.318 43388
401.321 42157
401.324 41273
401.327 40549
401.33 39972
401.333 39608
401.336 38594
401.339 38321
401.342 38093
401.345 36945
401.348 36980
401.351 36681
401.354 36514
401.357 35918
401.36 35535
401.363 35666
401.366 35922
401.369 35520
401.372 35808
401.375 35517
401.378 35563
401.381 35818
401.384 35419
401.387 35729
401.39 35819
401.393 36281
401.396 36295
401.399 36499
401.402 37337
401.405 37410
401.408 37794
401.411 38080
401.414 38399
401.417 38805
401.42 38934
401.423 39472
401.426 39661
401.429 39846
401.432 40187
401.435 40401
401.438 40486
401.441 40934
401.444 41290
401.447 41493
401.45 41257
401.453 41405
401.456 41172
401.459 40747
401.462 40161
401.465 40244
401.468 39318
401.471 38719
401.474 38320
401.477 37611
401.48 37415
401.483 36405
401.486 35502
401.489 34972
401.492 34483
401.495 33843
401.498 32548
401.501 32212
401.504 31668
401.507 31132
401.51 30903
401.513 30317
401.516 29351
401.519 29084
401.522 28007
401.525 27323
401.528 26872
401.531 26229
401.534 25484
401.537 25403
401.54 24968
401.543 23870
401.546 23784
401.549 23866
401.552 23152
401.555 22863
401.558 22297
401.561 22196
401.564 21653
401.567 21594
401.57 20550
401.573 20532
401.576 20823
401.579 20475
401.582 20193
401.585 19650
401.588 19963
401.591 19637
401.594 19443
401.597 19079
401.6 19032
401.603 18915
401.606 18362
401.609 18826
401.612 18771
401.615 18419
401.618 18788
401.621 18439
401.624 18488
401.627 18378
401.63 18292
401.633 18214
401.636 18388
401.639 18654
401.642 18458
401.645 18560
401.648 18893
401.651 18461
401.654 19126
401.657 18868
401.66 18938
401.663 19106
401.666 19212
401.669 19296
401.672 19391
401.675 19488
401.678 19348
401.681 19427
401.684 19310
401.687 19255
401.69 19173
401.693 18993
401.696 18778
401.699 18284
401.702 18220
401.705 18052
401.708 17723
401.711 17531
401.714 17302
401.717 17102
401.72 16557
401.723 16516
401.726 16038
401.729 15723
401.732 15815
401.735 15111
401.738 14882
401.741 14425
401.744 14557
401.747 13951
401.75 13933
401.753 13806
401.756 13326
401.759 13166
401.762 13074
401.765 12882
401.768 12700
401.771 12579
401.774 12302
401.777 12220
401.78 12233
401.783 12065
401.786 11875
401.789 11753
401.792 11393
401.795 11300
401.798 11365
401.801 11245
401.804 11378
401.807 11427
401.81 11188
401.813 10973
401.816 11026
401.819 10978
401.822 10733
401.825 10895
401.828 10760
401.831 10762
401.834 10812
401.837 10772
401.84 10908
401.843 10839
401.846 10792
401.849 10741
401.852 10923
401.855 10777
401.858 10737
401.861 10845
401.864 10796
401.867 10826
401.87 10809
401.873 10955
401.876 10857
401.879 10444
401.882 10453
401.885 10449
401.888 10142
401.891 10298
401.894 10220
401.897 10212
401.9 9839
401.903 9451
401.906 9668
401.909 9263
401.912 9169
401.915 9175
401.918 9092
401.921 9038
401.924 8891
401.927 8704
401.93 8605
401.933 8670
401.936 8735
401.939 8257
401.942 8395
401.945 8210
401.948 8140
401.951 8146
401.954 8009
401.957 7976
401.96 7866
401.963 7789
401.966 8073
401.969 7912
401.972 7722
401.975 7780
401.978 7799
401.981 7673
401.984 7532
401.987 7717
401.99 7433
401.993 7584
401.996 7377
401.999 7594
402.002 7550
402.005 7498
402.008 7388
402.011 7391
402.014 7483
402.017 7358
402.02 7253
402.023 7500
402.026 7276
402.029 7394
402.032 7524
402.035 7297
402.038 7343
402.041 7410
402.044 7475
402.047 7348
402.05 7051
402.053 7068
402.056 6979
402.059 7077
402.062 7189
402.065 7030
402.068 6811
402.071 6983
402.074 6805
402.077 6930
402.08 6919
402.083 6810
402.086 6618
402.089 6607
402.092 6603
402.095 6712
402.098 6620
402.101 6621
402.104 6538
402.107 6483
402.11 6712
402.113 6325
402.116 6150
402.119 6481
402.122 6300
402.125 6113
402.128 6135
402.131 6220
402.134 6256
402.137 6191
402.14 6163
402.143 6051
402.146 6071
402.149 5956
402.152 5864
402.155 6089
402.158 6135
402.161 5997
402.164 6040
402.167 6000
402.17 5825
402.173 5953
402.176 5771
402.179 5969
402.182 5965
402.185 5746
402.188 6023
402.191 5756
402.194 5747
402.197 5841
402.2 5692
402.203 5636
402.206 5681
402.209 5629
402.212 5769
402.215 5762
402.218 5795
402.221 5652
402.224 5600
402.227 5681
402.23 5534
402.233 5603
402.236 5586
402.239 5524
402.242 5516
402.245 5541
402.248 5559
402.251 5457
402.254 5458
402.257 5571
402.26 5445
402.263 5549
402.266 5518
402.269 5427
402.272 5545
402.275 5453
402.278 5395
402.281 5497
402.284 5301
402.287 5380
402.29 5287
402.293 5343
402.296 5186
402.299 5095
402.302 5241
402.305 5371
402.308 5112
402.311 5198
402.314 5084
402.317 5139
402.32 5204
402.323 5226
402.326 5161
402.329 5065
402.332 5016
402.335 5138
402.338 5194
402.341 5106
402.344 5069
402.347 5248
402.35 5083
402.353 5084
402.356 4980
402.359 4908
402.362 5030
402.365 4808
402.368 5069
402.371 4930
402.374 4921
402.377 4811
402.38 4842
402.383 4916
402.386 4874
402.389 4813
402.392 4873
402.395 4936
402.398 4923
402.401 4978
402.404 4801
402.407 4865
402.41 4898
402.413 4852
402.416 4766
402.419 4841
402.422 4813
402.425 4850
402.428 4836
402.431 4835
402.434 4780
402.437 4809
402.44 4948
402.443 4671
402.446 4767
402.449 4815
402.452 4785
402.455 4773
402.458 4725
402.461 4697
402.464 4570
402.467 4657
402.47 4698
402.473 4663
402.476 4742
402.479 4726
402.482 4623
402.485 4636
402.488 4521
402.491 4532
402.494 4416
402.497 4492
402.5 4414
