398.26 19071
398.263 19021
398.26599999999996 19276
398.269 19390
398.272 19498
398.275 19849
398.27799999999996 19816
398.281 20192
398.284 20495
398.287 20754
398.28999999999996 20769
398.293 21079
398.296 21366
398.299 21143
398.30199999999996 21342
398.305 21951
398.308 22070
398.311 22437
398.31399999999996 22568
398.317 22762
398.32 22965
398.323 23185
398.32599999999996 23569
398.329 23874
398.332 24133
398.335 24334
398.33799999999997 24647
398.34099999999995 25021
398.344 24791
398.347 25530
398.34999999999997 25542
398.35299999999995 25603
398.356 26174
398.359 27011
398.36199999999997 26920
398.36499999999995 27312
398.368 27841
398.371 27942
398.37399999999997 28755
398.37699999999995 29089
398.38 29147
398.383 29648
398.38599999999997 29910
398.38899999999995 30185
398.392 30184
398.395 30664
398.39799999999997 30900
398.40099999999995 31752
398.404 31997
398.407 32362
398.40999999999997 32609
398.41299999999995 33395
398.416 33461
398.419 33885
398.42199999999997 34245
398.42499999999995 34867
398.428 35358
398.431 35914
398.43399999999997 36089
398.43699999999995 36695
398.44 37690
398.443 38301
398.44599999999997 38951
398.44899999999996 38964
398.452 39743
398.455 40154
398.45799999999997 40537
398.46099999999996 41538
398.464 41693
398.467 42418
398.46999999999997 42917
398.47299999999996 44056
398.476 45014
398.479 45885
398.48199999999997 46196
398.48499999999996 47795
398.488 48356
398.491 49443
398.49399999999997 49674
398.49699999999996 50560
398.5 51370
398.503 52083
398.506 53016
398.50899999999996 53537
398.512 54855
398.515 56163
398.518 56614
398.52099999999996 57617
398.524 58311
398.527 58946
398.53 60358
398.53299999999996 61343
398.536 62303
398.539 63071
398.542 65236
398.54499999999996 65827
398.548 68038
398.551 69150
398.554 70643
398.55699999999996 72303
398.56 72797
398.563 74877
398.566 75929
398.56899999999996 77164
398.572 79076
398.575 79942
398.578 82201
398.58099999999996 85382
398.584 86946
398.587 89990
398.59 91741
398.59299999999996 93667
398.596 95800
398.599 98415
398.602 100119
398.60499999999996 102665
398.608 104884
398.611 107356
398.614 110816
398.61699999999996 113996
398.62 116374
398.623 120504
398.626 123514
398.62899999999996 126700
398.632 129643
398.635 133543
398.638 138079
398.64099999999996 140957
398.644 145130
398.647 149036
398.65 152819
398.65299999999996 155808
398.656 159741
398.659 165422
398.662 167716
398.66499999999996 172023
398.668 176848
398.671 183021
398.674 189870
398.67699999999996 198274
398.68 203586
398.683 210468
398.686 219470
398.68899999999996 227557
398.692 237762
398.695 251491
398.698 263166
398.70099999999996 277822
398.704 289591
398.707 301184
398.71 312727
398.71299999999997 324353
398.71599999999995 338892
398.719 350050
398.722 366002
398.72499999999997 381704
398.72799999999995 397711
398.731 411851
398.734 425452
398.73699999999997 445627
398.73999999999995 461417
398.743 483558
398.746 505408
398.74899999999997 535050
398.75199999999995 558958
398.755 578084
398.758 602760
398.76099999999997 630780
398.76399999999995 659515
398.767 692897
398.77 725746
398.77299999999997 751523
398.77599999999995 777069
398.779 798779
398.782 819026
398.78499999999997 840268
398.78799999999995 867018
398.791 887813
398.794 910991
398.79699999999997 923131
398.79999999999995 936298
398.803 947306
398.806 951326
398.80899999999997 950657
398.81199999999995 946476
398.815 939567
398.818 929102
398.82099999999997 911823
398.82399999999996 890922
398.827 866536
398.83 845776
398.83299999999997 818057
398.83599999999996 789010
398.839 761656
398.842 733953
398.84499999999997 704286
398.84799999999996 677770
398.851 650468
398.854 627204
398.85699999999997 597477
398.85999999999996 572956
398.863 546399
398.866 529315
398.86899999999997 511771
398.87199999999996 497449
398.875 482979
398.878 470026
398.881 456111
398.88399999999996 444030
398.887 435036
398.89 423651
398.893 413462
398.89599999999996 407345
398.899 393083
398.902 382488
398.905 374271
398.90799999999996 367274
398.911 362778
398.914 354657
398.917 353321
398.91999999999996 351217
398.923 350052
398.926 348897
398.929 349622
398.93199999999996 351832
398.935 352096
398.938 356346
398.941 360523
398.94399999999996 363669
398.947 370902
398.95 375542
398.953 382298
398.95599999999996 388038
398.959 396748
398.962 404025
398.965 410855
398.96799999999996 422281
398.971 435284
398.974 449766
398.977 463688
398.97999999999996 479273
398.983 501419
398.986 521773
398.989 539856
398.99199999999996 565342
398.995 587902
398.998 613067
399.001 640369
399.00399999999996 668139
399.007 696620
399.01 720117
399.013 742734
399.01599999999996 771945
399.019 797830
399.022 825212
399.025 856985
399.02799999999996 883594
399.031 899648
399.034 913099
399.037 921103
399.03999999999996 926680
399.043 925953
399.046 925670
399.049 918421
399.05199999999996 903421
399.055 884386
399.058 863264
399.061 836357
399.06399999999996 812862
399.067 788030
399.07 762213
399.073 734328
399.07599999999996 712726
399.079 678379
399.082 657816
399.085 628612
399.08799999999997 606636
399.09099999999995 586934
399.094 563638
399.097 544207
399.09999999999997 525641
399.10299999999995 503347
399.106 480506
399.109 457825
399.11199999999997 437798
399.11499999999995 421870
399.118 404304
399.121 389193
399.12399999999997 372886
399.12699999999995 359368
399.13 349499
399.133 335959
399.13599999999997 322036
399.13899999999995 310382
399.142 301805
399.145 296552
399.14799999999997 291051
399.15099999999995 285542
399.154 281627
399.157 277127
399.15999999999997 275463
399.16299999999995 272846
399.166 272430
399.169 269632
399.17199999999997 270637
399.17499999999995 270137
399.178 270826
399.181 271834
399.18399999999997 275115
399.18699999999995 275639
399.19 280325
399.193 283809
399.19599999999997 289688
399.19899999999996 295635
399.202 301390
399.205 308488
399.20799999999997 317554
399.21099999999996 326619
399.214 335056
399.217 346214
399.21999999999997 354972
399.22299999999996 366141
399.226 379266
399.229 390252
399.23199999999997 400002
399.23499999999996 411844
399.238 423443
399.241 435724
399.24399999999997 451607
399.24699999999996 467655
399.25 481594
399.253 492310
399.256 502585
399.25899999999996 509352
399.262 512286
399.265 512391
399.268 510352
399.27099999999996 505249
399.274 495796
399.277 487815
399.28 474721
399.28299999999996 460584
399.286 446746
399.289 428946
399.292 416683
399.29499999999996 400357
399.298 386684
399.301 369513
399.304 350437
399.30699999999996 334588
399.31 322089
399.313 310715
399.316 300343
399.31899999999996 289810
399.322 276048
399.325 265161
399.328 253802
399.33099999999996 241924
399.334 232764
399.337 222465
399.34 215080
399.34299999999996 207443
399.346 200762
399.349 194658
399.352 189549
399.35499999999996 182122
399.358 174257
399.361 169210
399.364 165630
399.36699999999996 161862
399.37 158994
399.373 156045
399.376 154940
399.37899999999996 153735
399.382 151617
399.385 150833
399.388 149824
399.39099999999996 149403
399.394 149251
399.397 149203
399.4 149314
399.40299999999996 150836
399.406 152403
399.409 153494
399.412 156091
399.41499999999996 157478
399.418 160303
399.421 164879
399.424 168746
399.42699999999996 173568
399.43 177558
399.433 182556
399.436 187041
399.43899999999996 191003
399.442 194296
399.445 200866
399.448 204667
399.45099999999996 208980
399.454 212807
399.457 216324
399.46 219775
399.46299999999997 222206
399.46599999999995 227463
399.469 229323
399.472 231468
399.47499999999997 233489
399.47799999999995 231486
399.481 231155
399.484 227346
399.48699999999997 221494
399.48999999999995 215789
399.493 207439
399.496 201617
399.49899999999997 193942
399.50199999999995 187180
399.505 180579
399.508 174218
399.51099999999997 167949
399.51399999999995 162809
399.517 159470
399.52 151315
399.52299999999997 145103
399.52599999999995 140585
399.529 137183
399.532 132642
399.53499999999997 129626
399.53799999999995 124515
399.541 118892
399.544 114299
399.54699999999997 109405
399.54999999999995 105750
399.553 101052
399.556 97782
399.55899999999997 94277
399.56199999999995 92702
399.565 89796
399.568 88486
399.57099999999997 86528
399.57399999999996 83801
399.577 81731
399.58 79434
399.58299999999997 77739
399.58599999999996 76522
399.589 75932
399.592 75396
399.59499999999997 74570
399.59799999999996 74363
399.601 74089
399.604 73717
399.60699999999997 73917
399.60999999999996 74574
399.613 74054
399.616 74310
399.61899999999997 75073
399.62199999999996 75267
399.625 75882
399.628 76970
399.631 78580
399.63399999999996 79156
399.637 81061
399.64 82005
399.643 82974
399.64599999999996 85725
399.649 87793
399.652 88870
399.655 90422
399.65799999999996 91812
399.661 93130
399.664 93899
399.667 96111
399.66999999999996 97053
399.673 97641
399.676 98092
399.679 98038
399.68199999999996 97733
399.685 96912
399.688 95751
399.691 95001
399.69399999999996 92734
399.697 89935
399.7 87370
399.703 85154
399.70599999999996 82967
399.709 79660
399.712 77809
399.715 75524
399.71799999999996 73127
399.721 71073
399.724 69322
399.727 67464
399.72999999999996 65330
399.733 63764
399.736 62238
399.739 60952
399.74199999999996 59561
399.745 57903
399.748 55638
399.751 54265
399.75399999999996 52203
399.757 50552
399.76 49469
399.763 47857
399.76599999999996 47312
399.769 45767
399.772 44826
399.775 43912
399.77799999999996 43388
399.781 42157
399.784 41273
399.787 40549
399.78999999999996 39972
399.793 39608
399.796 38594
399.799 38321
399.80199999999996 38093
399.805 36945
399.808 36980
399.811 36681
399.81399999999996 36514
399.817 35918
399.82 35535
399.823 35666
399.82599999999996 35922
399.829 35520
399.832 35808
399.835 35517
399.83799999999997 35563
399.84099999999995 35818
399.844 35419
399.847 35729
399.84999999999997 35819
399.85299999999995 36281
399.856 36295
399.859 36499
399.86199999999997 37337
399.86499999999995 37410
399.868 37794
399.871 38080
399.87399999999997 38399
399.87699999999995 38805
399.88 38934
399.883 39472
399.88599999999997 39661
399.88899999999995 39846
399.892 40187
399.895 40401
399.89799999999997 40486
399.90099999999995 40934
399.904 41290
399.907 41493
399.90999999999997 41257
399.91299999999995 41405
399.916 41172
399.919 40747
399.92199999999997 40161
399.92499999999995 40244
399.928 39318
399.931 38719
399.93399999999997 38320
399.93699999999995 37611
399.94 37415
399.943 36405
399.94599999999997 35502
399.94899999999996 34972
399.952 34483
399.955 33843
399.95799999999997 32548
399.96099999999996 32212
399.964 31668
399.967 31132
399.96999999999997 30903
399.97299999999996 30317
399.976 29351
399.979 29084
399.98199999999997 28007
399.98499999999996 27323
399.988 26872
399.991 26229
399.99399999999997 25484
399.99699999999996 25403
400.0 24968
400.003 23870
400.006 23784
400.00899999999996 23866
400.012 23152
400.015 22863
400.018 22297
400.02099999999996 22196
400.024 21653
400.027 21594
400.03 20550
400.03299999999996 20532
400.036 20823
400.039 20475
400.042 20193
400.04499999999996 19650
400.048 19963
400.051 19637
400.054 19443
400.05699999999996 19079
400.06 19032
400.063 18915
400.066 18362
400.06899999999996 18826
400.072 18771
400.075 18419
400.078 18788
400.08099999999996 18439
400.084 18488
400.087 18378
400.09 18292
400.09299999999996 18214
400.096 18388
400.099 18654
400.102 18458
400.10499999999996 18560
400.108 18893
400.111 18461
400.114 19126
400.11699999999996 18868
400.12 18938
400.123 19106
400.126 19212
400.12899999999996 19296
400.132 19391
400.135 19488
400.138 19348
400.14099999999996 19427
400.144 19310
400.147 19255
400.15 19173
400.15299999999996 18993
400.156 18778
400.159 18284
400.162 18220
400.16499999999996 18052
400.168 17723
400.171 17531
400.174 17302
400.17699999999996 17102
400.18 16557
400.183 16516
400.186 16038
400.18899999999996 15723
400.192 15815
400.195 15111
400.198 14882
400.20099999999996 14425
400.204 14557
400.207 13951
400.21 13933
400.21299999999997 13806
400.21599999999995 13326
400.219 13166
400.222 13074
400.22499999999997 12882
400.22799999999995 12700
400.231 12579
400.234 12302
400.23699999999997 12220
400.23999999999995 12233
400.243 12065
400.246 11875
400.24899999999997 11753
400.25199999999995 11393
400.255 11300
400.258 11365
400.26099999999997 11245
400.26399999999995 11378
400.267 11427
400.27 11188
400.27299999999997 10973
400.27599999999995 11026
400.279 10978
400.282 10733
400.28499999999997 10895
400.28799999999995 10760
400.291 10762
400.294 10812
400.29699999999997 10772
400.29999999999995 10908
400.303 10839
400.306 10792
400.30899999999997 10741
400.31199999999995 10923
400.315 10777
400.318 10737
400.32099999999997 10845
400.32399999999996 10796
400.327 10826
400.33 10809
400.33299999999997 10955
400.33599999999996 10857
400.339 10444
400.342 10453
400.34499999999997 10449
400.34799999999996 10142
400.351 10298
400.354 10220
400.35699999999997 10212
400.35999999999996 9839
400.363 9451
400.366 9668
400.36899999999997 9263
400.37199999999996 9169
400.375 9175
400.378 9092
400.381 9038
400.38399999999996 8891
400.387 8704
400.39 8605
400.393 8670
400.39599999999996 8735
400.399 8257
400.402 8395
400.405 8210
400.40799999999996 8140
400.411 8146
400.414 8009
400.417 7976
400.41999999999996 7866
400.423 7789
400.426 8073
400.429 7912
400.43199999999996 7722
400.435 7780
400.438 7799
400.441 7673
400.44399999999996 7532
400.447 7717
400.45 7433
400.453 7584
400.45599999999996 7377
400.459 7594
400.462 7550
400.465 7498
400.46799999999996 7388
400.471 7391
400.474 7483
400.477 7358
400.47999999999996 7253
400.483 7500
400.486 7276
400.489 7394
400.49199999999996 7524
400.495 7297
400.498 7343
400.501 7410
400.50399999999996 7475
400.507 7348
400.51 7051
400.513 7068
400.51599999999996 6979
400.519 7077
400.522 7189
400.525 7030
400.52799999999996 6811
400.531 6983
400.534 6805
400.537 6930
400.53999999999996 6919
400.543 6810
400.546 6618
400.549 6607
400.55199999999996 6603
400.555 6712
400.558 6620
400.561 6621
400.56399999999996 6538
400.567 6483
400.57 6712
400.573 6325
400.57599999999996 6150
400.579 6481
400.582 6300
400.585 6113
400.58799999999997 6135
400.59099999999995 6220
400.594 6256
400.597 6191
400.59999999999997 6163
400.60299999999995 6051
400.606 6071
400.609 5956
400.61199999999997 5864
400.61499999999995 6089
400.618 6135
400.621 5997
400.62399999999997 6040
400.62699999999995 6000
400.63 5825
400.633 5953
400.63599999999997 5771
400.63899999999995 5969
400.642 5965
400.645 5746
400.64799999999997 6023
400.65099999999995 5756
400.654 5747
400.657 5841
400.65999999999997 5692
400.66299999999995 5636
400.666 5681
400.669 5629
400.67199999999997 5769
400.67499999999995 5762
400.678 5795
400.681 5652
400.68399999999997 5600
400.68699999999995 5681
400.69 5534
400.693 5603
400.69599999999997 5586
400.69899999999996 5524
400.702 5516
400.705 5541
400.70799999999997 5559
400.71099999999996 5457
400.714 5458
400.717 5571
400.71999999999997 5445
400.72299999999996 5549
400.726 5518
400.729 5427
400.73199999999997 5545
400.73499999999996 5453
400.738 5395
400.741 5497
400.74399999999997 5301
400.74699999999996 5380
400.75 5287
400.753 5343
400.756 5186
400.75899999999996 5095
400.762 5241
400.765 5371
400.768 5112
400.77099999999996 5198
400.774 5084
400.777 5139
400.78 5204
400.78299999999996 5226
400.786 5161
400.789 5065
400.792 5016
400.79499999999996 5138
400.798 5194
400.801 5106
400.804 5069
400.80699999999996 5248
400.81 5083
400.813 5084
400.816 4980
400.81899999999996 4908
400.822 5030
400.825 4808
400.828 5069
400.83099999999996 4930
400.834 4921
400.837 4811
400.84 4842
400.84299999999996 4916
400.846 4874
400.849 4813
400.852 4873
400.85499999999996 4936
400.858 4923
400.861 4978
400.864 4801
400.86699999999996 4865
400.87 4898
400.873 4852
400.876 4766
400.87899999999996 4841
400.882 4813
400.885 4850
400.888 4836
400.89099999999996 4835
400.894 4780
400.897 4809
400.9 4948
400.90299999999996 4671
400.906 4767
400.909 4815
400.912 4785
400.91499999999996 4773
400.918 4725
400.921 4697
400.924 4570
400.92699999999996 4657
400.93 4698
400.933 4663
400.936 4742
400.93899999999996 4726
400.942 4623
400.945 4636
400.948 4521
400.95099999999996 4532
400.954 4416
400.957 4492
400.96 4414
